1.600003242492675781e-02
0.000000000000000000e+00
1.699995994567871094e-02
5.999803543090820312e-03
1.699995994567871094e-02
1.600003242492675781e-02
0.000000000000000000e+00
1.699995994567871094e-02
0.000000000000000000e+00
1.699995994567871094e-02
1.500010490417480469e-02
5.999803543090820312e-03
1.600003242492675781e-02
1.800012588500976562e-02
1.699995994567871094e-02
0.000000000000000000e+00
1.600003242492675781e-02
0.000000000000000000e+00
1.600003242492675781e-02
1.799988746643066406e-02
2.000093460083007812e-03
1.499986648559570312e-02
9.999275207519531250e-04
1.600003242492675781e-02
1.499986648559570312e-02
1.499986648559570312e-02
1.699995994567871094e-02
1.700019836425781250e-02
3.999948501586914062e-03
1.200008392333984375e-02
1.600003242492675781e-02
2.300000190734863281e-02
1.699995994567871094e-02
1.500010490417480469e-02
1.600003242492675781e-02
1.600003242492675781e-02
1.699995994567871094e-02
1.699995994567871094e-02
1.699995994567871094e-02
1.699995994567871094e-02
0.000000000000000000e+00
1.700019836425781250e-02
2.099990844726562500e-02
1.600003242492675781e-02
1.600003242492675781e-02
1.600003242492675781e-02
0.000000000000000000e+00
1.699995994567871094e-02
1.800012588500976562e-02
9.999275207519531250e-04
1.699995994567871094e-02
1.600003242492675781e-02
1.999855041503906250e-03
1.800012588500976562e-02
1.699995994567871094e-02
0.000000000000000000e+00
9.000062942504882812e-03
1.300001144409179688e-02
1.700019836425781250e-02
1.700019836425781250e-02
1.600003242492675781e-02
1.600003242492675781e-02
0.000000000000000000e+00
0.000000000000000000e+00
1.600003242492675781e-02
0.000000000000000000e+00
1.799988746643066406e-02
1.600003242492675781e-02
8.000135421752929688e-03
1.699995994567871094e-02
1.799988746643066406e-02
0.000000000000000000e+00
1.499986648559570312e-02
9.999275207519531250e-04
1.699995994567871094e-02
1.600003242492675781e-02
1.699995994567871094e-02
0.000000000000000000e+00
1.499986648559570312e-02
1.999998092651367188e-02
1.099991798400878906e-02
1.699995994567871094e-02
0.000000000000000000e+00
0.000000000000000000e+00
1.499986648559570312e-02
1.799988746643066406e-02
1.500010490417480469e-02
1.499986648559570312e-02
1.499986648559570312e-02
1.600003242492675781e-02
1.699995994567871094e-02
1.500010490417480469e-02
0.000000000000000000e+00
1.699995994567871094e-02
0.000000000000000000e+00
1.500010490417480469e-02
1.699995994567871094e-02
1.499986648559570312e-02
1.600003242492675781e-02
1.300001144409179688e-02
