7.944236474932712122e-01
7.757760055495125373e-01
8.132272966620587296e-01
7.804325170423679348e-01
7.649150411378771164e-01
6.908496316567067641e-01
7.298287818451046904e-01
7.748829719236216551e-01
7.395448193677814919e-01
7.402306771969487942e-01
7.750690280642044128e-01
7.115408155404334689e-01
8.267287301795032128e-01
8.127545878702053805e-01
7.741872537683246458e-01
7.192088057873293749e-01
7.328561570450459195e-01
7.776250913132207732e-01
7.311454943094432002e-01
8.053590521415500136e-01
7.692683244864486625e-01
8.086928790874328143e-01
7.542299900335944773e-01
7.306111822155736402e-01
8.017300862714999976e-01
7.263618350018397063e-01
7.183138088587133208e-01
7.736050339791323838e-01
7.359109794817548789e-01
7.402593518644658976e-01
7.677412131319089061e-01
7.530531800349838933e-01
7.204650683672896294e-01
7.889695640569880375e-01
7.381869814309747202e-01
7.212554750576719576e-01
7.620534287062767920e-01
7.215172007164263324e-01
7.305435283475675279e-01
7.558137555137292019e-01
7.718398915174335961e-01
7.739244401039510057e-01
7.498005640209377543e-01
7.770057492641445629e-01
7.024018427936840059e-01
7.514241886768675549e-01
7.427041890842898120e-01
7.868809481978548126e-01
7.476882153037833767e-01
7.352198046772009388e-01
7.329561618109412535e-01
7.464670120066744241e-01
7.984153287880716432e-01
7.540104498782111975e-01
7.563285796604203304e-01
7.827569789759526442e-01
7.820831366237007698e-01
7.186846529760954061e-01
7.752059656397313203e-01
7.337229955402705395e-01
7.387413784108285419e-01
7.103144559208479647e-01
7.686661252690446533e-01
7.454262002637455087e-01
7.677394505698236227e-01
7.115938228327446380e-01
7.417215621052031249e-01
7.519856764313688213e-01
7.776788946863238960e-01
7.593220536380026475e-01
7.222237742461932175e-01
7.375823517449738853e-01
7.428186135554947223e-01
7.330246536617542885e-01
6.960181399708911254e-01
7.403665781850252703e-01
7.221996109346083825e-01
7.427355914413183990e-01
7.470793854660268130e-01
7.438751925334032844e-01
7.295784745678765004e-01
7.555744918253424203e-01
7.776028564357282402e-01
7.430981084708507822e-01
7.473511437067782426e-01
7.424032533972471093e-01
7.568885350993910244e-01
7.365968148183855702e-01
7.824779704650957068e-01
7.236932383711239813e-01
7.367082631558711237e-01
7.349138640272878664e-01
7.568363476804517154e-01
7.224462980393935307e-01
7.208034078379714771e-01
7.645656995378803389e-01
7.295440553695426988e-01
7.728497874027151493e-01
7.340932000316385819e-01
7.400514572182641526e-01
